6 0 8
6 0 8
6 0 8
6 0 8
6 0 8
6 0 8
6 0 8
6 0 8
10 0 8
10 0 8
10 0 8
10 0 8
10 0 8
10 0 8
10 0 8
10 0 8
12 0 8
12 0 8
12 0 8
12 0 8
12 0 8
12 0 8
12 0 8
12 0 8
18 0 8
18 0 8
18 0 8
18 0 8
18 0 8
18 0 8
18 0 8
18 0 8
20 0 8
20 0 8
20 0 8
20 0 8
20 0 8
20 0 8
20 0 8
20 0 8
24 0 8
24 0 8
24 0 8
24 0 8
24 0 8
24 0 8
24 0 8
24 0 8
34 0 8
34 0 8
34 0 8
34 0 8
34 0 8
34 0 8
34 0 8
34 0 8
36 0 8
36 0 8
36 0 8
36 0 8
36 0 8
36 0 8
36 0 8
36 0 8
40 0 8
40 0 8
40 0 8
40 0 8
40 0 8
40 0 8
40 0 8
40 0 8
48 0 8
48 0 8
48 0 8
48 0 8
48 0 8
48 0 8
48 0 8
48 0 8
66 0 8
66 0 8
66 0 8
66 0 8
66 0 8
66 0 8
66 0 8
66 0 8
68 0 8
68 0 8
68 0 8
68 0 8
68 0 8
68 0 8
68 0 8
68 0 8
72 0 8
72 0 8
72 0 8
72 0 8
72 0 8
72 0 8
72 0 8
72 0 8
80 0 8
80 0 8
80 0 8
80 0 8
80 0 8
80 0 8
80 0 8
80 0 8
96 0 8
96 0 8
96 0 8
96 0 8
96 0 8
96 0 8
96 0 8
96 0 8
130 0 8
130 0 8
130 0 8
130 0 8
130 0 8
130 0 8
130 0 8
130 0 8
132 0 8
132 0 8
132 0 8
132 0 8
132 0 8
132 0 8
132 0 8
132 0 8
136 0 8
136 0 8
136 0 8
136 0 8
136 0 8
136 0 8
136 0 8
136 0 8
144 0 8
144 0 8
144 0 8
144 0 8
144 0 8
144 0 8
144 0 8
144 0 8
160 0 8
160 0 8
160 0 8
160 0 8
160 0 8
160 0 8
160 0 8
160 0 8
192 0 8
192 0 8
192 0 8
192 0 8
192 0 8
192 0 8
192 0 8
192 0 8
258 0 8
258 0 8
258 0 8
258 0 8
258 0 8
258 0 8
258 0 8
258 0 8
260 0 8
260 0 8
260 0 8
260 0 8
260 0 8
260 0 8
260 0 8
260 0 8
264 0 8
264 0 8
264 0 8
264 0 8
264 0 8
264 0 8
264 0 8
264 0 8
272 0 8
272 0 8
272 0 8
272 0 8
272 0 8
272 0 8
272 0 8
272 0 8
288 0 8
288 0 8
288 0 8
288 0 8
288 0 8
288 0 8
288 0 8
288 0 8
320 0 8
320 0 8
320 0 8
320 0 8
320 0 8
320 0 8
320 0 8
320 0 8
384 0 8
384 0 8
384 0 8
384 0 8
384 0 8
384 0 8
384 0 8
384 0 8
514 0 8
514 0 8
514 0 8
514 0 8
514 0 8
514 0 8
514 0 8
514 0 8
516 0 8
516 0 8
516 0 8
516 0 8
516 0 8
516 0 8
516 0 8
516 0 8
520 0 8
520 0 8
520 0 8
520 0 8
520 0 8
520 0 8
520 0 8
520 0 8
528 0 8
528 0 8
528 0 8
528 0 8
528 0 8
528 0 8
528 0 8
528 0 8
544 0 8
544 0 8
544 0 8
544 0 8
544 0 8
544 0 8
544 0 8
544 0 8
576 0 8
576 0 8
576 0 8
576 0 8
576 0 8
576 0 8
576 0 8
576 0 8
640 0 8
640 0 8
640 0 8
640 0 8
640 0 8
640 0 8
640 0 8
640 0 8
768 0 8
768 0 8
768 0 8
768 0 8
768 0 8
768 0 8
768 0 8
768 0 8
7 0 7
7 0 7
7 0 7
7 0 7
7 0 7
7 0 7
7 0 7
11 0 7
11 0 7
11 0 7
11 0 7
11 0 7
11 0 7
11 0 7
14 0 7
14 0 7
14 0 7
14 0 7
14 0 7
14 0 7
14 0 7
19 0 7
19 0 7
19 0 7
19 0 7
19 0 7
19 0 7
19 0 7
22 0 7
22 0 7
22 0 7
22 0 7
22 0 7
22 0 7
22 0 7
26 0 7
26 0 7
26 0 7
26 0 7
26 0 7
26 0 7
26 0 7
35 0 7
35 0 7
35 0 7
35 0 7
35 0 7
35 0 7
35 0 7
38 0 7
38 0 7
38 0 7
38 0 7
38 0 7
38 0 7
38 0 7
42 0 7
42 0 7
42 0 7
42 0 7
42 0 7
42 0 7
42 0 7
50 0 7
50 0 7
50 0 7
50 0 7
50 0 7
50 0 7
50 0 7
67 0 7
67 0 7
67 0 7
67 0 7
67 0 7
67 0 7
67 0 7
70 0 7
70 0 7
70 0 7
70 0 7
70 0 7
70 0 7
70 0 7
74 0 7
74 0 7
74 0 7
74 0 7
74 0 7
74 0 7
74 0 7
82 0 7
82 0 7
82 0 7
82 0 7
82 0 7
82 0 7
82 0 7
98 0 7
98 0 7
98 0 7
98 0 7
98 0 7
98 0 7
98 0 7
131 0 7
131 0 7
131 0 7
131 0 7
131 0 7
131 0 7
131 0 7
134 0 7
134 0 7
134 0 7
134 0 7
134 0 7
134 0 7
134 0 7
138 0 7
138 0 7
138 0 7
138 0 7
138 0 7
138 0 7
138 0 7
146 0 7
146 0 7
146 0 7
146 0 7
146 0 7
146 0 7
146 0 7
162 0 7
162 0 7
162 0 7
162 0 7
162 0 7
162 0 7
162 0 7
194 0 7
194 0 7
194 0 7
194 0 7
194 0 7
194 0 7
194 0 7
259 0 7
259 0 7
259 0 7
259 0 7
259 0 7
259 0 7
259 0 7
262 0 7
262 0 7
262 0 7
262 0 7
262 0 7
262 0 7
262 0 7
266 0 7
266 0 7
266 0 7
266 0 7
266 0 7
266 0 7
266 0 7
274 0 7
274 0 7
274 0 7
274 0 7
274 0 7
274 0 7
274 0 7
290 0 7
290 0 7
290 0 7
290 0 7
290 0 7
290 0 7
290 0 7
322 0 7
322 0 7
322 0 7
322 0 7
322 0 7
322 0 7
322 0 7
386 0 7
386 0 7
386 0 7
386 0 7
386 0 7
386 0 7
386 0 7
515 0 7
515 0 7
515 0 7
515 0 7
515 0 7
515 0 7
515 0 7
518 0 7
518 0 7
518 0 7
518 0 7
518 0 7
518 0 7
518 0 7
522 0 7
522 0 7
522 0 7
522 0 7
522 0 7
522 0 7
522 0 7
530 0 7
530 0 7
530 0 7
530 0 7
530 0 7
530 0 7
530 0 7
546 0 7
546 0 7
546 0 7
546 0 7
546 0 7
546 0 7
546 0 7
578 0 7
578 0 7
578 0 7
578 0 7
578 0 7
578 0 7
578 0 7
642 0 7
642 0 7
642 0 7
642 0 7
642 0 7
642 0 7
642 0 7
770 0 7
770 0 7
770 0 7
770 0 7
770 0 7
770 0 7
770 0 7
7 0 49
7 0 49
7 0 49
7 0 49
7 0 49
7 0 49
7 0 49
6 0 98
6 0 98
6 0 98
6 0 98
6 0 98
6 0 98
6 0 98
6 0 98
13 0 7
13 0 7
13 0 7
13 0 7
13 0 7
13 0 7
13 0 7
14 0 49
14 0 49
14 0 49
14 0 49
14 0 49
14 0 49
14 0 49
21 0 7
21 0 7
21 0 7
21 0 7
21 0 7
21 0 7
21 0 7
22 0 49
22 0 49
22 0 49
22 0 49
22 0 49
22 0 49
22 0 49
28 0 7
28 0 7
28 0 7
28 0 7
28 0 7
28 0 7
28 0 7
37 0 7
37 0 7
37 0 7
37 0 7
37 0 7
37 0 7
37 0 7
38 0 49
38 0 49
38 0 49
38 0 49
38 0 49
38 0 49
38 0 49
44 0 7
44 0 7
44 0 7
44 0 7
44 0 7
44 0 7
44 0 7
52 0 7
52 0 7
52 0 7
52 0 7
52 0 7
52 0 7
52 0 7
69 0 7
69 0 7
69 0 7
69 0 7
69 0 7
69 0 7
69 0 7
70 0 49
70 0 49
70 0 49
70 0 49
70 0 49
70 0 49
70 0 49
76 0 7
76 0 7
76 0 7
76 0 7
76 0 7
76 0 7
76 0 7
84 0 7
84 0 7
84 0 7
84 0 7
84 0 7
84 0 7
84 0 7
100 0 7
100 0 7
100 0 7
100 0 7
100 0 7
100 0 7
100 0 7
133 0 7
133 0 7
133 0 7
133 0 7
133 0 7
133 0 7
133 0 7
134 0 49
134 0 49
134 0 49
134 0 49
134 0 49
134 0 49
134 0 49
140 0 7
140 0 7
140 0 7
140 0 7
140 0 7
140 0 7
140 0 7
148 0 7
148 0 7
148 0 7
148 0 7
148 0 7
148 0 7
148 0 7
164 0 7
164 0 7
164 0 7
164 0 7
164 0 7
164 0 7
164 0 7
196 0 7
196 0 7
196 0 7
196 0 7
196 0 7
196 0 7
196 0 7
261 0 7
261 0 7
261 0 7
261 0 7
261 0 7
261 0 7
261 0 7
262 0 49
262 0 49
262 0 49
262 0 49
262 0 49
262 0 49
262 0 49
268 0 7
268 0 7
268 0 7
268 0 7
268 0 7
268 0 7
268 0 7
276 0 7
276 0 7
276 0 7
276 0 7
276 0 7
276 0 7
276 0 7
292 0 7
292 0 7
292 0 7
292 0 7
292 0 7
292 0 7
292 0 7
324 0 7
324 0 7
324 0 7
324 0 7
324 0 7
324 0 7
324 0 7
388 0 7
388 0 7
388 0 7
388 0 7
388 0 7
388 0 7
388 0 7
517 0 7
517 0 7
517 0 7
517 0 7
517 0 7
517 0 7
517 0 7
518 0 49
518 0 49
518 0 49
518 0 49
518 0 49
518 0 49
518 0 49
524 0 7
524 0 7
524 0 7
524 0 7
524 0 7
524 0 7
524 0 7
532 0 7
532 0 7
532 0 7
532 0 7
532 0 7
532 0 7
532 0 7
548 0 7
548 0 7
548 0 7
548 0 7
548 0 7
548 0 7
548 0 7
580 0 7
580 0 7
580 0 7
580 0 7
580 0 7
580 0 7
580 0 7
644 0 7
644 0 7
644 0 7
644 0 7
644 0 7
644 0 7
644 0 7
772 0 7
772 0 7
772 0 7
772 0 7
772 0 7
772 0 7
772 0 7
11 0 49
11 0 49
11 0 49
11 0 49
11 0 49
11 0 49
11 0 49
13 0 49
13 0 49
13 0 49
13 0 49
13 0 49
13 0 49
13 0 49
10 0 140
10 0 140
10 0 140
10 0 140
10 0 140
10 0 140
10 0 140
10 0 140
12 0 434
12 0 434
12 0 434
12 0 434
12 0 434
12 0 434
12 0 434
12 0 434
25 0 7
25 0 7
25 0 7
25 0 7
25 0 7
25 0 7
25 0 7
26 0 49
26 0 49
26 0 49
26 0 49
26 0 49
26 0 49
26 0 49
28 0 49
28 0 49
28 0 49
28 0 49
28 0 49
28 0 49
28 0 49
41 0 7
41 0 7
41 0 7
41 0 7
41 0 7
41 0 7
41 0 7
42 0 49
42 0 49
42 0 49
42 0 49
42 0 49
42 0 49
42 0 49
44 0 49
44 0 49
44 0 49
44 0 49
44 0 49
44 0 49
44 0 49
56 0 7
56 0 7
56 0 7
56 0 7
56 0 7
56 0 7
56 0 7
73 0 7
73 0 7
73 0 7
73 0 7
73 0 7
73 0 7
73 0 7
74 0 49
74 0 49
74 0 49
74 0 49
74 0 49
74 0 49
74 0 49
76 0 49
76 0 49
76 0 49
76 0 49
76 0 49
76 0 49
76 0 49
88 0 7
88 0 7
88 0 7
88 0 7
88 0 7
88 0 7
88 0 7
104 0 7
104 0 7
104 0 7
104 0 7
104 0 7
104 0 7
104 0 7
137 0 7
137 0 7
137 0 7
137 0 7
137 0 7
137 0 7
137 0 7
138 0 49
138 0 49
138 0 49
138 0 49
138 0 49
138 0 49
138 0 49
140 0 49
140 0 49
140 0 49
140 0 49
140 0 49
140 0 49
140 0 49
152 0 7
152 0 7
152 0 7
152 0 7
152 0 7
152 0 7
152 0 7
168 0 7
168 0 7
168 0 7
168 0 7
168 0 7
168 0 7
168 0 7
200 0 7
200 0 7
200 0 7
200 0 7
200 0 7
200 0 7
200 0 7
265 0 7
265 0 7
265 0 7
265 0 7
265 0 7
265 0 7
265 0 7
266 0 49
266 0 49
266 0 49
266 0 49
266 0 49
266 0 49
266 0 49
268 0 49
268 0 49
268 0 49
268 0 49
268 0 49
268 0 49
268 0 49
280 0 7
280 0 7
280 0 7
280 0 7
280 0 7
280 0 7
280 0 7
296 0 7
296 0 7
296 0 7
296 0 7
296 0 7
296 0 7
296 0 7
328 0 7
328 0 7
328 0 7
328 0 7
328 0 7
328 0 7
328 0 7
392 0 7
392 0 7
392 0 7
392 0 7
392 0 7
392 0 7
392 0 7
521 0 7
521 0 7
521 0 7
521 0 7
521 0 7
521 0 7
521 0 7
522 0 49
522 0 49
522 0 49
522 0 49
522 0 49
522 0 49
522 0 49
524 0 49
524 0 49
524 0 49
524 0 49
524 0 49
524 0 49
524 0 49
536 0 7
536 0 7
536 0 7
536 0 7
536 0 7
536 0 7
536 0 7
552 0 7
552 0 7
552 0 7
552 0 7
552 0 7
552 0 7
552 0 7
584 0 7
584 0 7
584 0 7
584 0 7
584 0 7
584 0 7
584 0 7
648 0 7
648 0 7
648 0 7
648 0 7
648 0 7
648 0 7
648 0 7
776 0 7
776 0 7
776 0 7
776 0 7
776 0 7
776 0 7
776 0 7
20436
