3 0 6 8
3 0 6 8
3 0 6 8
3 0 6 8
3 0 6 8
3 0 6 8
3 0 6 8
3 0 6 8
3 0 10 8
3 0 10 8
3 0 10 8
3 0 10 8
3 0 10 8
3 0 10 8
3 0 10 8
3 0 10 8
3 0 12 8
3 0 12 8
3 0 12 8
3 0 12 8
3 0 12 8
3 0 12 8
3 0 12 8
3 0 12 8
3 0 18 8
3 0 18 8
3 0 18 8
3 0 18 8
3 0 18 8
3 0 18 8
3 0 18 8
3 0 18 8
3 0 20 8
3 0 20 8
3 0 20 8
3 0 20 8
3 0 20 8
3 0 20 8
3 0 20 8
3 0 20 8
3 0 24 8
3 0 24 8
3 0 24 8
3 0 24 8
3 0 24 8
3 0 24 8
3 0 24 8
3 0 24 8
3 0 34 8
3 0 34 8
3 0 34 8
3 0 34 8
3 0 34 8
3 0 34 8
3 0 34 8
3 0 34 8
3 0 36 8
3 0 36 8
3 0 36 8
3 0 36 8
3 0 36 8
3 0 36 8
3 0 36 8
3 0 36 8
3 0 40 8
3 0 40 8
3 0 40 8
3 0 40 8
3 0 40 8
3 0 40 8
3 0 40 8
3 0 40 8
3 0 48 8
3 0 48 8
3 0 48 8
3 0 48 8
3 0 48 8
3 0 48 8
3 0 48 8
3 0 48 8
3 0 66 8
3 0 66 8
3 0 66 8
3 0 66 8
3 0 66 8
3 0 66 8
3 0 66 8
3 0 66 8
3 0 68 8
3 0 68 8
3 0 68 8
3 0 68 8
3 0 68 8
3 0 68 8
3 0 68 8
3 0 68 8
3 0 72 8
3 0 72 8
3 0 72 8
3 0 72 8
3 0 72 8
3 0 72 8
3 0 72 8
3 0 72 8
3 0 80 8
3 0 80 8
3 0 80 8
3 0 80 8
3 0 80 8
3 0 80 8
3 0 80 8
3 0 80 8
3 0 96 8
3 0 96 8
3 0 96 8
3 0 96 8
3 0 96 8
3 0 96 8
3 0 96 8
3 0 96 8
3 0 130 8
3 0 130 8
3 0 130 8
3 0 130 8
3 0 130 8
3 0 130 8
3 0 130 8
3 0 130 8
3 0 132 8
3 0 132 8
3 0 132 8
3 0 132 8
3 0 132 8
3 0 132 8
3 0 132 8
3 0 132 8
3 0 136 8
3 0 136 8
3 0 136 8
3 0 136 8
3 0 136 8
3 0 136 8
3 0 136 8
3 0 136 8
3 0 144 8
3 0 144 8
3 0 144 8
3 0 144 8
3 0 144 8
3 0 144 8
3 0 144 8
3 0 144 8
3 0 160 8
3 0 160 8
3 0 160 8
3 0 160 8
3 0 160 8
3 0 160 8
3 0 160 8
3 0 160 8
3 0 192 8
3 0 192 8
3 0 192 8
3 0 192 8
3 0 192 8
3 0 192 8
3 0 192 8
3 0 192 8
3 0 258 8
3 0 258 8
3 0 258 8
3 0 258 8
3 0 258 8
3 0 258 8
3 0 258 8
3 0 258 8
3 0 260 8
3 0 260 8
3 0 260 8
3 0 260 8
3 0 260 8
3 0 260 8
3 0 260 8
3 0 260 8
3 0 264 8
3 0 264 8
3 0 264 8
3 0 264 8
3 0 264 8
3 0 264 8
3 0 264 8
3 0 264 8
3 0 272 8
3 0 272 8
3 0 272 8
3 0 272 8
3 0 272 8
3 0 272 8
3 0 272 8
3 0 272 8
3 0 288 8
3 0 288 8
3 0 288 8
3 0 288 8
3 0 288 8
3 0 288 8
3 0 288 8
3 0 288 8
3 0 320 8
3 0 320 8
3 0 320 8
3 0 320 8
3 0 320 8
3 0 320 8
3 0 320 8
3 0 320 8
3 0 384 8
3 0 384 8
3 0 384 8
3 0 384 8
3 0 384 8
3 0 384 8
3 0 384 8
3 0 384 8
3 0 514 8
3 0 514 8
3 0 514 8
3 0 514 8
3 0 514 8
3 0 514 8
3 0 514 8
3 0 514 8
3 0 516 8
3 0 516 8
3 0 516 8
3 0 516 8
3 0 516 8
3 0 516 8
3 0 516 8
3 0 516 8
3 0 520 8
3 0 520 8
3 0 520 8
3 0 520 8
3 0 520 8
3 0 520 8
3 0 520 8
3 0 520 8
3 0 528 8
3 0 528 8
3 0 528 8
3 0 528 8
3 0 528 8
3 0 528 8
3 0 528 8
3 0 528 8
3 0 544 8
3 0 544 8
3 0 544 8
3 0 544 8
3 0 544 8
3 0 544 8
3 0 544 8
3 0 544 8
3 0 576 8
3 0 576 8
3 0 576 8
3 0 576 8
3 0 576 8
3 0 576 8
3 0 576 8
3 0 576 8
3 0 640 8
3 0 640 8
3 0 640 8
3 0 640 8
3 0 640 8
3 0 640 8
3 0 640 8
3 0 640 8
3 0 768 8
3 0 768 8
3 0 768 8
3 0 768 8
3 0 768 8
3 0 768 8
3 0 768 8
3 0 768 8
3 0 7 7
3 0 7 7
3 0 7 7
3 0 7 7
3 0 7 7
3 0 7 7
3 0 7 7
3 0 11 7
3 0 11 7
3 0 11 7
3 0 11 7
3 0 11 7
3 0 11 7
3 0 11 7
3 0 14 7
3 0 14 7
3 0 14 7
3 0 14 7
3 0 14 7
3 0 14 7
3 0 14 7
3 0 19 7
3 0 19 7
3 0 19 7
3 0 19 7
3 0 19 7
3 0 19 7
3 0 19 7
3 0 22 7
3 0 22 7
3 0 22 7
3 0 22 7
3 0 22 7
3 0 22 7
3 0 22 7
3 0 26 7
3 0 26 7
3 0 26 7
3 0 26 7
3 0 26 7
3 0 26 7
3 0 26 7
3 0 35 7
3 0 35 7
3 0 35 7
3 0 35 7
3 0 35 7
3 0 35 7
3 0 35 7
3 0 38 7
3 0 38 7
3 0 38 7
3 0 38 7
3 0 38 7
3 0 38 7
3 0 38 7
3 0 42 7
3 0 42 7
3 0 42 7
3 0 42 7
3 0 42 7
3 0 42 7
3 0 42 7
3 0 50 7
3 0 50 7
3 0 50 7
3 0 50 7
3 0 50 7
3 0 50 7
3 0 50 7
3 0 67 7
3 0 67 7
3 0 67 7
3 0 67 7
3 0 67 7
3 0 67 7
3 0 67 7
3 0 70 7
3 0 70 7
3 0 70 7
3 0 70 7
3 0 70 7
3 0 70 7
3 0 70 7
3 0 74 7
3 0 74 7
3 0 74 7
3 0 74 7
3 0 74 7
3 0 74 7
3 0 74 7
3 0 82 7
3 0 82 7
3 0 82 7
3 0 82 7
3 0 82 7
3 0 82 7
3 0 82 7
3 0 98 7
3 0 98 7
3 0 98 7
3 0 98 7
3 0 98 7
3 0 98 7
3 0 98 7
3 0 131 7
3 0 131 7
3 0 131 7
3 0 131 7
3 0 131 7
3 0 131 7
3 0 131 7
3 0 134 7
3 0 134 7
3 0 134 7
3 0 134 7
3 0 134 7
3 0 134 7
3 0 134 7
3 0 138 7
3 0 138 7
3 0 138 7
3 0 138 7
3 0 138 7
3 0 138 7
3 0 138 7
3 0 146 7
3 0 146 7
3 0 146 7
3 0 146 7
3 0 146 7
3 0 146 7
3 0 146 7
3 0 162 7
3 0 162 7
3 0 162 7
3 0 162 7
3 0 162 7
3 0 162 7
3 0 162 7
3 0 194 7
3 0 194 7
3 0 194 7
3 0 194 7
3 0 194 7
3 0 194 7
3 0 194 7
3 0 259 7
3 0 259 7
3 0 259 7
3 0 259 7
3 0 259 7
3 0 259 7
3 0 259 7
3 0 262 7
3 0 262 7
3 0 262 7
3 0 262 7
3 0 262 7
3 0 262 7
3 0 262 7
3 0 266 7
3 0 266 7
3 0 266 7
3 0 266 7
3 0 266 7
3 0 266 7
3 0 266 7
3 0 274 7
3 0 274 7
3 0 274 7
3 0 274 7
3 0 274 7
3 0 274 7
3 0 274 7
3 0 290 7
3 0 290 7
3 0 290 7
3 0 290 7
3 0 290 7
3 0 290 7
3 0 290 7
3 0 322 7
3 0 322 7
3 0 322 7
3 0 322 7
3 0 322 7
3 0 322 7
3 0 322 7
3 0 386 7
3 0 386 7
3 0 386 7
3 0 386 7
3 0 386 7
3 0 386 7
3 0 386 7
3 0 515 7
3 0 515 7
3 0 515 7
3 0 515 7
3 0 515 7
3 0 515 7
3 0 515 7
3 0 518 7
3 0 518 7
3 0 518 7
3 0 518 7
3 0 518 7
3 0 518 7
3 0 518 7
3 0 522 7
3 0 522 7
3 0 522 7
3 0 522 7
3 0 522 7
3 0 522 7
3 0 522 7
3 0 530 7
3 0 530 7
3 0 530 7
3 0 530 7
3 0 530 7
3 0 530 7
3 0 530 7
3 0 546 7
3 0 546 7
3 0 546 7
3 0 546 7
3 0 546 7
3 0 546 7
3 0 546 7
3 0 578 7
3 0 578 7
3 0 578 7
3 0 578 7
3 0 578 7
3 0 578 7
3 0 578 7
3 0 642 7
3 0 642 7
3 0 642 7
3 0 642 7
3 0 642 7
3 0 642 7
3 0 642 7
3 0 770 7
3 0 770 7
3 0 770 7
3 0 770 7
3 0 770 7
3 0 770 7
3 0 770 7
3 0 7 49
3 0 7 49
3 0 7 49
3 0 7 49
3 0 7 49
3 0 7 49
3 0 7 49
2 0 6 98
2 0 6 98
2 0 6 98
2 0 6 98
2 0 6 98
2 0 6 98
2 0 6 98
2 0 6 98
3 0 13 7
3 0 13 7
3 0 13 7
3 0 13 7
3 0 13 7
3 0 13 7
3 0 13 7
3 0 14 49
3 0 14 49
3 0 14 49
3 0 14 49
3 0 14 49
3 0 14 49
3 0 14 49
3 0 21 7
3 0 21 7
3 0 21 7
3 0 21 7
3 0 21 7
3 0 21 7
3 0 21 7
3 0 22 49
3 0 22 49
3 0 22 49
3 0 22 49
3 0 22 49
3 0 22 49
3 0 22 49
3 0 28 7
3 0 28 7
3 0 28 7
3 0 28 7
3 0 28 7
3 0 28 7
3 0 28 7
3 0 37 7
3 0 37 7
3 0 37 7
3 0 37 7
3 0 37 7
3 0 37 7
3 0 37 7
3 0 38 49
3 0 38 49
3 0 38 49
3 0 38 49
3 0 38 49
3 0 38 49
3 0 38 49
3 0 44 7
3 0 44 7
3 0 44 7
3 0 44 7
3 0 44 7
3 0 44 7
3 0 44 7
3 0 52 7
3 0 52 7
3 0 52 7
3 0 52 7
3 0 52 7
3 0 52 7
3 0 52 7
3 0 69 7
3 0 69 7
3 0 69 7
3 0 69 7
3 0 69 7
3 0 69 7
3 0 69 7
3 0 70 49
3 0 70 49
3 0 70 49
3 0 70 49
3 0 70 49
3 0 70 49
3 0 70 49
3 0 76 7
3 0 76 7
3 0 76 7
3 0 76 7
3 0 76 7
3 0 76 7
3 0 76 7
3 0 84 7
3 0 84 7
3 0 84 7
3 0 84 7
3 0 84 7
3 0 84 7
3 0 84 7
3 0 100 7
3 0 100 7
3 0 100 7
3 0 100 7
3 0 100 7
3 0 100 7
3 0 100 7
3 0 133 7
3 0 133 7
3 0 133 7
3 0 133 7
3 0 133 7
3 0 133 7
3 0 133 7
3 0 134 49
3 0 134 49
3 0 134 49
3 0 134 49
3 0 134 49
3 0 134 49
3 0 134 49
3 0 140 7
3 0 140 7
3 0 140 7
3 0 140 7
3 0 140 7
3 0 140 7
3 0 140 7
3 0 148 7
3 0 148 7
3 0 148 7
3 0 148 7
3 0 148 7
3 0 148 7
3 0 148 7
3 0 164 7
3 0 164 7
3 0 164 7
3 0 164 7
3 0 164 7
3 0 164 7
3 0 164 7
3 0 196 7
3 0 196 7
3 0 196 7
3 0 196 7
3 0 196 7
3 0 196 7
3 0 196 7
3 0 261 7
3 0 261 7
3 0 261 7
3 0 261 7
3 0 261 7
3 0 261 7
3 0 261 7
3 0 262 49
3 0 262 49
3 0 262 49
3 0 262 49
3 0 262 49
3 0 262 49
3 0 262 49
3 0 268 7
3 0 268 7
3 0 268 7
3 0 268 7
3 0 268 7
3 0 268 7
3 0 268 7
3 0 276 7
3 0 276 7
3 0 276 7
3 0 276 7
3 0 276 7
3 0 276 7
3 0 276 7
3 0 292 7
3 0 292 7
3 0 292 7
3 0 292 7
3 0 292 7
3 0 292 7
3 0 292 7
3 0 324 7
3 0 324 7
3 0 324 7
3 0 324 7
3 0 324 7
3 0 324 7
3 0 324 7
3 0 388 7
3 0 388 7
3 0 388 7
3 0 388 7
3 0 388 7
3 0 388 7
3 0 388 7
3 0 517 7
3 0 517 7
3 0 517 7
3 0 517 7
3 0 517 7
3 0 517 7
3 0 517 7
3 0 518 49
3 0 518 49
3 0 518 49
3 0 518 49
3 0 518 49
3 0 518 49
3 0 518 49
3 0 524 7
3 0 524 7
3 0 524 7
3 0 524 7
3 0 524 7
3 0 524 7
3 0 524 7
3 0 532 7
3 0 532 7
3 0 532 7
3 0 532 7
3 0 532 7
3 0 532 7
3 0 532 7
3 0 548 7
3 0 548 7
3 0 548 7
3 0 548 7
3 0 548 7
3 0 548 7
3 0 548 7
3 0 580 7
3 0 580 7
3 0 580 7
3 0 580 7
3 0 580 7
3 0 580 7
3 0 580 7
3 0 644 7
3 0 644 7
3 0 644 7
3 0 644 7
3 0 644 7
3 0 644 7
3 0 644 7
3 0 772 7
3 0 772 7
3 0 772 7
3 0 772 7
3 0 772 7
3 0 772 7
3 0 772 7
3 0 11 49
3 0 11 49
3 0 11 49
3 0 11 49
3 0 11 49
3 0 11 49
3 0 11 49
3 0 13 49
3 0 13 49
3 0 13 49
3 0 13 49
3 0 13 49
3 0 13 49
3 0 13 49
2 0 10 140
2 0 10 140
2 0 10 140
2 0 10 140
2 0 10 140
2 0 10 140
2 0 10 140
2 0 10 140
2 0 12 434
2 0 12 434
2 0 12 434
2 0 12 434
2 0 12 434
2 0 12 434
2 0 12 434
2 0 12 434
3 0 25 7
3 0 25 7
3 0 25 7
3 0 25 7
3 0 25 7
3 0 25 7
3 0 25 7
3 0 26 49
3 0 26 49
3 0 26 49
3 0 26 49
3 0 26 49
3 0 26 49
3 0 26 49
3 0 28 49
3 0 28 49
3 0 28 49
3 0 28 49
3 0 28 49
3 0 28 49
3 0 28 49
3 0 41 7
3 0 41 7
3 0 41 7
3 0 41 7
3 0 41 7
3 0 41 7
3 0 41 7
3 0 42 49
3 0 42 49
3 0 42 49
3 0 42 49
3 0 42 49
3 0 42 49
3 0 42 49
3 0 44 49
3 0 44 49
3 0 44 49
3 0 44 49
3 0 44 49
3 0 44 49
3 0 44 49
3 0 56 7
3 0 56 7
3 0 56 7
3 0 56 7
3 0 56 7
3 0 56 7
3 0 56 7
3 0 73 7
3 0 73 7
3 0 73 7
3 0 73 7
3 0 73 7
3 0 73 7
3 0 73 7
3 0 74 49
3 0 74 49
3 0 74 49
3 0 74 49
3 0 74 49
3 0 74 49
3 0 74 49
3 0 76 49
3 0 76 49
3 0 76 49
3 0 76 49
3 0 76 49
3 0 76 49
3 0 76 49
3 0 88 7
3 0 88 7
3 0 88 7
3 0 88 7
3 0 88 7
3 0 88 7
3 0 88 7
3 0 104 7
3 0 104 7
3 0 104 7
3 0 104 7
3 0 104 7
3 0 104 7
3 0 104 7
3 0 137 7
3 0 137 7
3 0 137 7
3 0 137 7
3 0 137 7
3 0 137 7
3 0 137 7
3 0 138 49
3 0 138 49
3 0 138 49
3 0 138 49
3 0 138 49
3 0 138 49
3 0 138 49
3 0 140 49
3 0 140 49
3 0 140 49
3 0 140 49
3 0 140 49
3 0 140 49
3 0 140 49
3 0 152 7
3 0 152 7
3 0 152 7
3 0 152 7
3 0 152 7
3 0 152 7
3 0 152 7
3 0 168 7
3 0 168 7
3 0 168 7
3 0 168 7
3 0 168 7
3 0 168 7
3 0 168 7
3 0 200 7
3 0 200 7
3 0 200 7
3 0 200 7
3 0 200 7
3 0 200 7
3 0 200 7
3 0 265 7
3 0 265 7
3 0 265 7
3 0 265 7
3 0 265 7
3 0 265 7
3 0 265 7
3 0 266 49
3 0 266 49
3 0 266 49
3 0 266 49
3 0 266 49
3 0 266 49
3 0 266 49
3 0 268 49
3 0 268 49
3 0 268 49
3 0 268 49
3 0 268 49
3 0 268 49
3 0 268 49
3 0 280 7
3 0 280 7
3 0 280 7
3 0 280 7
3 0 280 7
3 0 280 7
3 0 280 7
3 0 296 7
3 0 296 7
3 0 296 7
3 0 296 7
3 0 296 7
3 0 296 7
3 0 296 7
3 0 328 7
3 0 328 7
3 0 328 7
3 0 328 7
3 0 328 7
3 0 328 7
3 0 328 7
3 0 392 7
3 0 392 7
3 0 392 7
3 0 392 7
3 0 392 7
3 0 392 7
3 0 392 7
3 0 521 7
3 0 521 7
3 0 521 7
3 0 521 7
3 0 521 7
3 0 521 7
3 0 521 7
3 0 522 49
3 0 522 49
3 0 522 49
3 0 522 49
3 0 522 49
3 0 522 49
3 0 522 49
3 0 524 49
3 0 524 49
3 0 524 49
3 0 524 49
3 0 524 49
3 0 524 49
3 0 524 49
3 0 536 7
3 0 536 7
3 0 536 7
3 0 536 7
3 0 536 7
3 0 536 7
3 0 536 7
3 0 552 7
3 0 552 7
3 0 552 7
3 0 552 7
3 0 552 7
3 0 552 7
3 0 552 7
3 0 584 7
3 0 584 7
3 0 584 7
3 0 584 7
3 0 584 7
3 0 584 7
3 0 584 7
3 0 648 7
3 0 648 7
3 0 648 7
3 0 648 7
3 0 648 7
3 0 648 7
3 0 648 7
3 0 776 7
3 0 776 7
3 0 776 7
3 0 776 7
3 0 776 7
3 0 776 7
3 0 776 7
20436
